MessageID	Count	Timestamp	Payload
1	1	00:35:59.608789	1,-148
2	2	00:35:59.820930	2,-37
3	3	00:36:00.023378	3,-75
4	4	00:36:00.225405	4,122
5	5	00:36:00.427903	5,-90
6	6	00:36:00.629892	6,-93
7	7	00:36:00.831389	7,-253
8	8	00:36:01.032953	8,-199
9	9	00:36:01.234977	9,-299
10	10	00:36:01.437003	10,60
11	11	00:36:01.638535	11,-78
12	12	00:36:01.840167	12,293
13	13	00:36:02.042257	13,-120
14	14	00:36:02.244280	14,-210
15	15	00:36:02.445775	15,174
16	16	00:36:02.647269	16,-266
17	17	00:36:02.848762	17,-46
18	18	00:36:03.050825	18,155
19	19	00:36:03.252347	19,-199
20	20	00:36:03.453869	20,109
21	21	00:36:03.655392	21,-139
22	22	00:36:03.857391	22,-239
23	23	00:36:04.058935	23,130
24	24	00:36:04.260459	24,126
25	25	00:36:04.462485	25,230
26	26	00:36:04.664480	26,184
27	27	00:36:04.865974	27,-175
28	28	00:36:05.067515	28,-296
29	29	00:36:05.269047	29,276
30	30	00:36:05.470582	30,-216
31	31	00:36:05.672105	31,78
32	32	00:36:05.874129	32,-253
33	33	00:36:06.075671	33,229
34	34	00:36:06.277697	34,-281
35	35	00:36:06.479190	35,295
36	36	00:36:06.680688	36,-135
37	37	00:36:06.882546	37,-138
38	38	00:36:07.084581	38,-234
39	39	00:36:07.286105	39,209
40	40	00:36:07.487628	40,-100
41	41	00:36:07.689156	41,-42
42	42	00:36:07.890678	42,233
43	43	00:36:08.092752	43,232
44	44	00:36:08.294275	44,38
45	45	00:36:08.496300	45,174
46	46	00:36:08.697780	46,41
47	47	00:36:08.899308	47,220
48	48	00:36:09.100843	48,290
49	49	00:36:09.302871	49,157
50	50	00:36:09.504395	50,258
51	51	00:36:09.705927	51,-7
52	52	00:36:09.907449	52,-197
53	53	00:36:10.109023	53,-205
54	54	00:36:10.310521	54,-243
55	55	00:36:10.512044	55,-234
56	56	00:36:10.713544	56,34
57	57	00:36:10.915040	57,-143
58	58	00:36:11.116581	58,-69
59	59	00:36:11.318605	59,116
60	60	00:36:11.520128	60,-36
61	61	00:36:11.721652	61,239
62	62	00:36:11.923510	62,-240
63	63	00:36:12.125048	63,-113
64	64	00:36:12.327075	64,181
65	65	00:36:12.528598	65,-187
66	66	00:36:12.730127	66,-204
67	67	00:36:12.931663	67,-257
68	68	00:36:13.133167	68,121
69	69	00:36:13.335191	69,-273
70	70	00:36:13.536714	70,2
71	71	00:36:13.738743	71,281
72	72	00:36:13.940310	72,-46
73	73	00:36:14.141834	73,-220
74	74	00:36:14.343361	74,-233
75	75	00:36:14.545397	75,-14
76	76	00:36:14.746867	76,-57
77	77	00:36:14.949945	77,-216
78	78	00:36:15.151970	78,142
79	79	00:36:15.353494	79,200
80	80	00:36:15.555495	80,143
81	81	00:36:15.756992	81,-111
82	82	00:36:15.958584	82,-49
83	83	00:36:16.160108	83,87
84	84	00:36:16.361607	84,141
85	85	00:36:16.563118	85,47
86	86	00:36:16.764912	86,-269
87	87	00:36:16.966361	87,-115
88	88	00:36:17.168358	88,242
89	89	00:36:17.369881	89,35
90	90	00:36:17.571378	90,93
91	91	00:36:17.772872	91,171
92	92	00:36:17.974411	92,-87
93	93	00:36:18.175934	93,-229
94	94	00:36:18.377467	94,-151
95	95	00:36:18.579493	95,79
96	96	00:36:18.780988	96,-126
97	97	00:36:18.982909	97,235
98	98	00:36:19.184934	98,-24
99	99	00:36:19.386427	99,221
100	100	00:36:19.587958	100,-164
101	101	00:36:19.789488	101,-262
102	102	00:36:19.991067	102,139
103	103	00:36:20.192592	103,260
104	104	00:36:20.394119	104,272
105	105	00:36:20.596118	105,210
106	106	00:36:20.797631	106,216
107	107	00:36:20.999579	107,58
108	108	00:36:21.201608	108,-158
109	109	00:36:21.403143	109,-181
110	110	00:36:21.605168	110,138
111	111	00:36:21.806989	111,-236
112	112	00:36:22.009097	112,242
113	113	00:36:22.210630	113,-295
114	114	00:36:22.412158	114,-298
115	115	00:36:22.613681	115,8
116	116	00:36:22.815179	116,-14
117	117	00:36:23.016748	117,-137
118	118	00:36:23.218778	118,-58
119	119	00:36:23.420805	119,215
120	120	00:36:23.622329	120,-6
121	121	00:36:23.823830	121,-237
122	122	00:36:24.025429	122,126
123	123	00:36:24.226952	123,-108
124	124	00:36:24.428512	124,-261
125	125	00:36:24.630535	125,79
126	126	00:36:24.832031	126,14
127	127	00:36:25.033629	127,-243
128	128	00:36:25.235157	128,-165
129	129	00:36:25.437184	129,-246
130	130	00:36:25.638707	130,-60
131	131	00:36:25.840204	131,67
132	132	00:36:26.041754	132,111
133	133	00:36:26.243277	133,104
134	134	00:36:26.444775	134,189
135	135	00:36:26.646313	135,136
136	136	00:36:26.848161	136,-133
137	137	00:36:27.049737	137,-11
138	138	00:36:27.251232	138,-50
139	139	00:36:27.452756	139,-186
140	140	00:36:27.654781	140,135
141	141	00:36:27.856310	141,53
142	142	00:36:28.057848	142,-248
143	143	00:36:28.259347	143,-89
144	144	00:36:28.460871	144,-109
145	145	00:36:28.662394	145,-1
146	146	00:36:28.863920	146,233
147	147	00:36:29.065518	147,-92
148	148	00:36:29.267014	148,32
149	149	00:36:29.468540	149,36
150	150	00:36:29.671070	150,-132
151	151	00:36:29.872594	151,182
152	152	00:36:30.074185	152,264
153	153	00:36:30.276714	153,-160
154	154	00:36:30.478238	154,-297
155	155	00:36:30.679731	155,221
156	156	00:36:30.881224	156,108
157	157	00:36:31.082761	157,106
158	158	00:36:31.284257	158,13
159	159	00:36:31.486280	159,-91
160	160	00:36:31.687780	160,-163
161	161	00:36:31.889560	161,168
162	162	00:36:32.092075	162,-168
163	163	00:36:32.294102	163,-158
164	164	00:36:32.495631	164,29
165	165	00:36:32.697129	165,13
166	166	00:36:32.899131	166,50
167	167	00:36:33.100676	167,40
168	168	00:36:33.302678	168,-69
169	169	00:36:33.504674	169,250
170	170	00:36:33.706171	170,-228
171	171	00:36:33.907696	171,183
172	172	00:36:34.109239	172,-127
173	173	00:36:34.311238	173,-203
174	174	00:36:34.513233	174,133
175	175	00:36:34.714698	175,19
176	176	00:36:34.916194	176,111
177	177	00:36:35.117732	177,-282
178	178	00:36:35.319756	178,-47
179	179	00:36:35.521253	179,171
180	180	00:36:35.722750	180,214
181	181	00:36:35.924248	181,142
182	182	00:36:36.125819	182,58
183	183	00:36:36.327814	183,-174
184	184	00:36:36.529361	184,63
185	185	00:36:36.730860	185,173
186	186	00:36:36.932672	186,-261
187	187	00:36:37.134143	187,128
188	188	00:36:37.335609	188,-231
189	189	00:36:37.537582	189,212
190	190	00:36:37.739051	190,-183
191	191	00:36:37.940557	191,-164
192	192	00:36:38.142121	192,-56
193	193	00:36:38.343590	193,144
194	194	00:36:38.545561	194,-269
195	195	00:36:38.747529	195,-286
196	196	00:36:38.949019	196,-95
197	197	00:36:39.150487	197,61
198	198	00:36:39.351951	198,36
199	199	00:36:39.553948	199,127
200	200	00:36:39.755446	200,-284
201	201	00:36:39.956935	201,300
202	202	00:36:40.158408	202,191
203	203	00:36:40.360375	203,-296
204	204	00:36:40.561847	204,160
205	205	00:36:40.763317	205,-238
206	206	00:36:40.965300	206,-150
207	207	00:36:41.167266	207,-202
208	208	00:36:41.368735	208,-113
209	209	00:36:41.570705	209,236
210	210	00:36:41.772675	210,-1
211	211	00:36:41.974489	211,-258
212	212	00:36:42.175989	212,-192
213	213	00:36:42.377485	213,230
214	214	00:36:42.579013	214,-98
215	215	00:36:42.781040	215,258
216	216	00:36:42.982640	216,210
217	217	00:36:43.184637	217,-268
218	218	00:36:43.386673	218,-229
219	219	00:36:43.588142	219,236
220	220	00:36:43.789640	220,-268
221	221	00:36:43.991117	221,292
222	222	00:36:44.193142	222,53
223	223	00:36:44.394666	223,-271
224	224	00:36:44.596189	224,208
225	225	00:36:44.797717	225,-270
226	226	00:36:44.999783	226,-139
227	227	00:36:45.201279	227,156
228	228	00:36:45.403304	228,63
229	229	00:36:45.604828	229,197
230	230	00:36:45.806323	230,-96
231	231	00:36:46.007800	231,-242
232	232	00:36:46.209296	232,271
233	233	00:36:46.410795	233,83
234	234	00:36:46.612298	234,-31
235	235	00:36:46.813822	235,93
236	236	00:36:47.015661	236,-13
237	237	00:36:47.217640	237,111
238	238	00:36:47.419135	238,-120
239	239	00:36:47.621161	239,209
240	240	00:36:47.822685	240,-4
241	241	00:36:48.024659	241,-263
242	242	00:36:48.226657	242,142
243	243	00:36:48.428183	243,4
244	244	00:36:48.629708	244,42
245	245	00:36:48.831233	245,-119
246	246	00:36:49.032808	246,24
247	247	00:36:49.234328	247,-133
248	248	00:36:49.435825	248,70
249	249	00:36:49.637856	249,43
250	250	00:36:49.839352	250,-110
251	251	00:36:50.040825	251,275
252	252	00:36:50.242851	252,250
253	253	00:36:50.444879	253,-192
254	254	00:36:50.646377	254,-143
255	255	00:36:50.847902	255,287
256	256	00:36:51.049510	256,-258
257	257	00:36:51.250988	257,171
258	258	00:36:51.452960	258,234
259	259	00:36:51.655486	259,224
260	260	00:36:51.857018	260,244
261	261	00:36:52.058809	261,169
262	262	00:36:52.261840	262,-65
263	263	00:36:52.463807	263,-281
264	264	00:36:52.665333	264,-52
265	265	00:36:52.867305	265,84
266	266	00:36:53.068880	266,219
267	267	00:36:53.270894	267,63
268	268	00:36:53.472895	268,176
269	269	00:36:53.674364	269,213
270	270	00:36:53.877336	270,-94
271	271	00:36:54.079410	271,-81
272	272	00:36:54.280906	272,-213
273	273	00:36:54.482874	273,-216
274	274	00:36:54.685374	274,-150
275	275	00:36:54.887374	275,-208
276	276	00:36:55.089357	276,-39
277	277	00:36:55.291383	277,-288
278	278	00:36:55.492906	278,-212
279	279	00:36:55.694429	279,26
280	280	00:36:55.895923	280,-22
281	281	00:36:56.097965	281,-30
282	282	00:36:56.299490	282,63
283	283	00:36:56.500988	283,-62
284	284	00:36:56.702483	284,119
285	285	00:36:56.906071	285,290
286	286	00:36:57.109388	286,25
287	287	00:36:57.311413	287,-190
288	288	00:36:57.512936	288,-218
289	289	00:36:57.714468	289,-112
290	290	00:36:57.915959	290,-179
291	291	00:36:58.117523	291,84
292	292	00:36:58.319519	292,-169
293	293	00:36:58.521545	293,-68
294	294	00:36:58.723068	294,128
295	295	00:36:58.925095	295,-216
296	296	00:36:59.127660	296,-139
297	297	00:36:59.329190	297,-300
298	298	00:36:59.531217	298,146
299	299	00:36:59.733217	299,136
300	300	00:36:59.934718	300,196
301	301	00:37:00.136258	301,-226
302	302	00:37:00.338290	302,70
