MessageID	Count	Timestamp	Payload
1	1	00:33:28.312633	1,186
2	2	00:33:28.529223	2,68
3	3	00:33:28.731196	3,-251
4	4	00:33:28.933167	4,47
5	5	00:33:29.135348	5,-180
6	6	00:33:29.337318	6,170
7	7	00:33:29.539284	7,60
8	8	00:33:29.741252	8,-177
9	9	00:33:29.942751	9,-157
10	10	00:33:30.144609	10,-240
11	11	00:33:30.346273	11,-54
12	12	00:33:30.548149	12,257
13	13	00:33:30.751234	13,118
14	14	00:33:30.954819	14,137
15	15	00:33:31.156583	15,61
16	16	00:33:31.358554	16,110
17	17	00:33:31.560051	17,-66
18	18	00:33:31.762511	18,-7
19	19	00:33:31.964055	19,-55
20	20	00:33:32.165848	20,-269
21	21	00:33:32.367313	21,-97
22	22	00:33:32.568776	22,218
23	23	00:33:32.770239	23,-221
24	24	00:33:32.971732	24,-26
25	25	00:33:33.173710	25,-60
26	26	00:33:33.375177	26,93
27	27	00:33:33.576645	27,-132
28	28	00:33:33.778615	28,-194
29	29	00:33:33.980084	29,-170
30	30	00:33:34.181593	30,-5
31	31	00:33:34.383558	31,-101
32	32	00:33:34.585022	32,-286
33	33	00:33:34.786487	33,-235
34	34	00:33:34.987953	34,94
35	35	00:33:35.189941	35,-229
36	36	00:33:35.391406	36,244
37	37	00:33:35.592876	37,172
38	38	00:33:35.794347	38,214
39	39	00:33:35.995811	39,155
40	40	00:33:36.197464	40,268
41	41	00:33:36.399430	41,-118
42	42	00:33:36.600894	42,-207
43	43	00:33:36.802361	43,-231
44	44	00:33:37.003825	44,-131
45	45	00:33:37.205301	45,187
46	46	00:33:37.407266	46,43
47	47	00:33:37.608734	47,-5
48	48	00:33:37.810733	48,286
49	49	00:33:38.012799	49,-223
50	50	00:33:38.214441	50,-227
51	51	00:33:38.416239	51,-124
52	52	00:33:38.618062	52,161
53	53	00:33:38.819811	53,53
54	54	00:33:39.021304	54,74
55	55	00:33:39.223114	55,119
56	56	00:33:39.426526	56,-160
57	57	00:33:39.628709	57,207
58	58	00:33:39.830199	58,184
59	59	00:33:40.031687	59,75
60	60	00:33:40.233332	60,55
61	61	00:33:40.435433	61,-228
62	62	00:33:40.637517	62,13
63	63	00:33:40.840786	63,-108
64	64	00:33:41.047463	64,227
65	65	00:33:41.250374	65,-190
66	66	00:33:41.452043	66,48
67	67	00:33:41.654655	67,254
68	68	00:33:41.856704	68,124
69	69	00:33:42.060224	69,109
70	70	00:33:42.263667	70,50
71	71	00:33:42.467789	71,-246
72	72	00:33:42.670144	72,21
73	73	00:33:42.872243	73,257
74	74	00:33:43.077780	74,-10
75	75	00:33:43.279247	75,-50
76	76	00:33:43.480932	76,238
77	77	00:33:43.682592	77,-5
78	78	00:33:43.884696	78,-76
79	79	00:33:44.086401	79,141
80	80	00:33:44.288067	80,-268
81	81	00:33:44.490029	81,230
82	82	00:33:44.691714	82,-236
83	83	00:33:44.894699	83,66
84	84	00:33:45.096379	84,254
85	85	00:33:45.298187	85,214
86	86	00:33:45.500130	86,-3
87	87	00:33:45.702154	87,-114
88	88	00:33:45.903964	88,-288
89	89	00:33:46.156411	89,-53
90	90	00:33:46.360505	90,39
91	91	00:33:46.562977	91,-143
92	92	00:33:46.765978	92,-148
93	93	00:33:46.968486	93,177
94	94	00:33:47.170471	94,-229
95	95	00:33:47.372469	95,-116
96	96	00:33:47.574942	96,-152
97	97	00:33:47.776911	97,-200
98	98	00:33:47.978878	98,-288
99	99	00:33:48.180864	99,-195
100	100	00:33:48.383003	100,152
101	101	00:33:48.585000	101,224
102	102	00:33:48.786998	102,185
103	103	00:33:48.988496	103,-83
104	104	00:33:49.190470	104,-99
105	105	00:33:49.391935	105,296
106	106	00:33:49.593519	106,103
107	107	00:33:49.794989	107,-188
108	108	00:33:49.996457	108,-153
109	109	00:33:50.197942	109,225
110	110	00:33:50.399407	110,-163
111	111	00:33:50.601372	111,-4
112	112	00:33:50.802840	112,272
113	113	00:33:51.004307	113,-269
114	114	00:33:51.206000	114,218
115	115	00:33:51.407998	115,-12
116	116	00:33:51.609466	116,198
117	117	00:33:51.810933	117,137
118	118	00:33:52.012400	118,140
119	119	00:33:52.213882	119,-193
120	120	00:33:52.415349	120,-187
121	121	00:33:52.617315	121,-30
122	122	00:33:52.818780	122,122
123	123	00:33:53.020246	123,229
124	124	00:33:53.221756	124,17
125	125	00:33:53.423722	125,150
126	126	00:33:53.625689	126,227
127	127	00:33:53.827155	127,-201
128	128	00:33:54.028621	128,-48
129	129	00:33:54.230102	129,-115
130	130	00:33:54.431597	130,247
131	131	00:33:54.633061	131,103
132	132	00:33:54.834525	132,-261
133	133	00:33:55.036494	133,234
134	134	00:33:55.237973	134,286
135	135	00:33:55.439969	135,-92
136	136	00:33:55.641937	136,127
137	137	00:33:55.843406	137,-206
138	138	00:33:56.044873	138,104
139	139	00:33:56.246675	139,175
140	140	00:33:56.448641	140,298
141	141	00:33:56.650106	141,-245
142	142	00:33:56.851570	142,-163
143	143	00:33:57.053037	143,-144
144	144	00:33:57.254548	144,-280
145	145	00:33:57.456548	145,247
146	146	00:33:57.658514	146,-129
147	147	00:33:57.859983	147,-264
148	148	00:33:58.061961	148,-191
149	149	00:33:58.263814	149,268
150	150	00:33:58.465280	150,-199
151	151	00:33:58.666778	151,-26
152	152	00:33:58.868274	152,-139
153	153	00:33:59.069749	153,201
154	154	00:33:59.271724	154,-152
155	155	00:33:59.473218	155,59
156	156	00:33:59.675184	156,-118
157	157	00:33:59.876649	157,-265
158	158	00:34:00.078117	158,-199
159	159	00:34:00.279584	159,79
160	160	00:34:00.481554	160,262
161	161	00:34:00.683021	161,-114
162	162	00:34:00.884507	162,-209
163	163	00:34:01.086022	163,261
164	164	00:34:01.287731	164,297
165	165	00:34:01.489212	165,224
166	166	00:34:01.690710	166,-297
167	167	00:34:01.892682	167,136
168	168	00:34:02.094044	168,-50
169	169	00:34:02.296015	169,215
170	170	00:34:02.497985	170,-201
171	171	00:34:02.699453	171,-73
172	172	00:34:02.900923	172,-238
173	173	00:34:03.102905	173,-73
174	174	00:34:03.304906	174,-214
175	175	00:34:03.507375	175,-227
176	176	00:34:03.709848	176,-15
177	177	00:34:03.911316	177,-9
178	178	00:34:04.112794	178,146
179	179	00:34:04.314760	179,-12
180	180	00:34:04.516726	180,215
181	181	00:34:04.718190	181,123
182	182	00:34:04.920156	182,160
183	183	00:34:05.121665	183,-30
184	184	00:34:05.323664	184,-236
185	185	00:34:05.525633	185,-281
186	186	00:34:05.727600	186,-193
187	187	00:34:05.929069	187,-293
188	188	00:34:06.131044	188,132
189	189	00:34:06.332750	189,183
190	190	00:34:06.534721	190,-35
191	191	00:34:06.736689	191,38
192	192	00:34:06.938160	192,-58
193	193	00:34:07.140669	193,83
194	194	00:34:07.342635	194,84
195	195	00:34:07.544103	195,-191
196	196	00:34:07.745567	196,-88
197	197	00:34:07.947061	197,-283
198	198	00:34:08.148542	198,8
199	199	00:34:08.350005	199,164
200	200	00:34:08.551469	200,-289
201	201	00:34:08.753435	201,-99
202	202	00:34:08.954900	202,-154
203	203	00:34:09.156884	203,151
204	204	00:34:09.358379	204,104
205	205	00:34:09.559847	205,163
206	206	00:34:09.761313	206,191
207	207	00:34:09.962779	207,-211
208	208	00:34:10.164293	208,-43
209	209	00:34:10.365787	209,141
210	210	00:34:10.567753	210,-111
211	211	00:34:10.769218	211,-239
212	212	00:34:10.971183	212,247
213	213	00:34:11.172663	213,-80
214	214	00:34:11.374472	214,-287
215	215	00:34:11.576437	215,-115
216	216	00:34:11.777907	216,-151
217	217	00:34:11.979377	217,-295
218	218	00:34:12.180886	218,-186
219	219	00:34:12.382880	219,300
220	220	00:34:12.584848	220,188
221	221	00:34:12.786815	221,-37
222	222	00:34:12.988279	222,167
223	223	00:34:13.190142	223,192
224	224	00:34:13.391611	224,-292
225	225	00:34:13.593079	225,-111
226	226	00:34:13.794545	226,-103
227	227	00:34:13.996015	227,5
228	228	00:34:14.197527	228,-140
229	229	00:34:14.399001	229,-196
230	230	00:34:14.600508	230,-74
231	231	00:34:14.802477	231,3
232	232	00:34:15.003957	232,-94
233	233	00:34:15.205497	233,-238
234	234	00:34:15.407465	234,-79
235	235	00:34:15.608932	235,284
236	236	00:34:15.810930	236,276
237	237	00:34:16.012398	237,27
238	238	00:34:16.213878	238,-21
239	239	00:34:16.416054	239,-5
240	240	00:34:16.618024	240,287
241	241	00:34:16.819490	241,-8
242	242	00:34:17.020961	242,-7
243	243	00:34:17.222823	243,254
244	244	00:34:17.424318	244,-237
245	245	00:34:17.626296	245,-177
246	246	00:34:17.828273	246,207
247	247	00:34:18.029741	247,-251
248	248	00:34:18.231220	248,201
249	249	00:34:18.433190	249,68
250	250	00:34:18.634659	250,-194
251	251	00:34:18.836627	251,101
252	252	00:34:19.038093	252,-191
253	253	00:34:19.240053	253,-177
254	254	00:34:19.442022	254,-149
255	255	00:34:19.643989	255,275
256	256	00:34:19.845457	256,-206
257	257	00:34:20.046954	257,45
258	258	00:34:20.248933	258,-27
259	259	00:34:20.450401	259,296
260	260	00:34:20.651872	260,-167
261	261	00:34:20.853345	261,93
262	262	00:34:21.055343	262,16
263	263	00:34:21.257331	263,-237
264	264	00:34:21.459160	264,-167
265	265	00:34:21.661129	265,214
266	266	00:34:21.862598	266,208
267	267	00:34:22.064566	267,34
268	268	00:34:22.266046	268,-145
269	269	00:34:22.468044	269,195
270	270	00:34:22.670012	270,197
271	271	00:34:22.871980	271,238
272	272	00:34:23.073481	272,68
273	273	00:34:23.275483	273,-217
274	274	00:34:23.476949	274,42
275	275	00:34:23.678945	275,-224
276	276	00:34:23.880410	276,-253
277	277	00:34:24.082387	277,-259
278	278	00:34:24.284368	278,124
279	279	00:34:24.485832	279,26
280	280	00:34:24.687801	280,-144
281	281	00:34:24.889267	281,76
282	282	00:34:25.090802	282,274
283	283	00:34:25.292772	283,-13
284	284	00:34:25.494741	284,-64
285	285	00:34:25.696208	285,-252
286	286	00:34:25.897676	286,153
287	287	00:34:26.099155	287,112
288	288	00:34:26.300497	288,-218
289	289	00:34:26.502462	289,123
290	290	00:34:26.703960	290,167
291	291	00:34:26.905956	291,-55
292	292	00:34:27.107502	292,274
293	293	00:34:27.309467	293,113
294	294	00:34:27.510935	294,-286
295	295	00:34:27.712402	295,136
296	296	00:34:27.913874	296,-101
297	297	00:34:28.115393	297,-3
298	298	00:34:28.317359	298,-262
299	299	00:34:28.518826	299,-182
300	300	00:34:28.720294	300,215
301	301	00:34:28.921763	301,37
302	302	00:34:29.123773	302,257
303	303	00:34:29.325742	303,241
